#	A	C	D	E	F	G	H	I	K	L	M	N	P	Q	R	S	T	V	W	Y
sp|O00116|ADAS_HUMAN	0.08054711246200608	0.02127659574468085	0.05015197568389058	0.06838905775075987	0.044072948328267476	0.08966565349544073	0.025835866261398176	0.05927051671732523	0.05927051671732523	0.0790273556231003	0.0182370820668693	0.041033434650455926	0.044072948328267476	0.034954407294832825	0.057750759878419454	0.06231003039513678	0.05927051671732523	0.05927051671732523	0.0121580547112462	0.03343465045592705
sp|O00139|KIF2A_HUMAN	0.06657223796033994	0.0169971671388102	0.06515580736543909	0.08781869688385269	0.0339943342776204	0.046742209631728045	0.0169971671388102	0.053824362606232294	0.07223796033994334	0.0764872521246459	0.0226628895184136	0.043909348441926344	0.049575070821529746	0.05524079320113314	0.07365439093484419	0.0708215297450425	0.053824362606232294	0.06940509915014165	0.00424929178470255	0.019830028328611898
sp|O00148|DX39A_HUMAN	0.05152224824355972	0.02107728337236534	0.0702576112412178	0.08430913348946135	0.0585480093676815	0.04215456674473068	0.0234192037470726	0.053864168618266976	0.06557377049180328	0.0936768149882904	0.0351288056206089	0.03278688524590164	0.04215456674473068	0.06088992974238876	0.06088992974238876	0.053864168618266976	0.0351288056206089	0.09133489461358314	0.0	0.0234192037470726
sp|O00151|PDLI1_HUMAN	0.0729483282674772	0.0243161094224924	0.0364741641337386	0.0790273556231003	0.030395136778115502	0.0668693009118541	0.030395136778115502	0.0425531914893617	0.0668693009118541	0.06990881458966565	0.0182370820668693	0.057750759878419454	0.06990881458966565	0.04559270516717325	0.0425531914893617	0.0790273556231003	0.0668693009118541	0.0729483282674772	0.0060790273556231	0.02127659574468085
sp|O00154|BACH_HUMAN	0.07894736842105263	0.031578947368421054	0.03684210526315789	0.07368421052631578	0.021052631578947368	0.07368421052631578	0.02631578947368421	0.04736842105263158	0.05789473684210526	0.06842105263157895	0.02894736842105263	0.03684210526315789	0.05263157894736842	0.042105263157894736	0.07368421052631578	0.06842105263157895	0.05263157894736842	0.10263157894736842	0.005263157894736842	0.021052631578947368
sp|O00159|MYO1C_HUMAN	0.06961429915333961	0.014111006585136407	0.041392285983066796	0.07243650047036689	0.04421448730009407	0.05456255879586077	0.023518344308560677	0.04797742238946378	0.062088428974600186	0.11194731890874883	0.00940733772342427	0.04045155221072436	0.04233301975540922	0.047036688617121354	0.08466603951081844	0.06302916274694262	0.05268109125117592	0.07243650047036689	0.01317027281279398	0.03292568203198495
sp|O00160|MYO1F_HUMAN	0.05555555555555555	0.011839708561020037	0.051001821493624776	0.07012750455373407	0.0482695810564663	0.08378870673952642	0.017304189435336976	0.04918032786885246	0.061930783242258654	0.08378870673952642	0.023679417122040074	0.04371584699453552	0.05191256830601093	0.0546448087431694	0.08105646630236794	0.05919854280510018	0.040983606557377046	0.06648451730418943	0.010018214936247723	0.03551912568306011
sp|O00161|SNP23_HUMAN	0.061611374407582936	0.02843601895734597	0.07582938388625593	0.09004739336492891	0.004739336492890996	0.07582938388625593	0.004739336492890996	0.08530805687203792	0.07109004739336493	0.07582938388625593	0.023696682464454975	0.08056872037914692	0.02843601895734597	0.06635071090047394	0.05687203791469194	0.052132701421800945	0.08056872037914692	0.023696682464454975	0.004739336492890996	0.009478672985781991
sp|O00170|AIP_HUMAN	0.09393939393939393	0.024242424242424242	0.0696969696969697	0.08484848484848485	0.02727272727272727	0.05454545454545454	0.03636363636363636	0.05454545454545454	0.07272727272727272	0.09696969696969697	0.024242424242424242	0.024242424242424242	0.045454545454545456	0.06666666666666667	0.05757575757575758	0.03333333333333333	0.02727272727272727	0.06060606060606061	0.012121212121212121	0.03333333333333333
sp|O00178|GTPB1_HUMAN	0.0687593423019432	0.016442451420029897	0.05082212257100149	0.061285500747384154	0.029895366218236172	0.09417040358744394	0.02242152466367713	0.04484304932735426	0.059790732436472344	0.09118086696562033	0.03139013452914798	0.03139013452914798	0.05680119581464873	0.03736920777279522	0.061285500747384154	0.08520179372197309	0.06278026905829596	0.07473841554559044	0.004484304932735426	0.014947683109118086
sp|O00186|STXB3_HUMAN	0.057432432432432436	0.02702702702702703	0.07094594594594594	0.07432432432432433	0.030405405405405407	0.03547297297297297	0.018581081081081082	0.07263513513513513	0.11148648648648649	0.0929054054054054	0.02533783783783784	0.04391891891891892	0.04222972972972973	0.033783783783783786	0.03885135135135135	0.06418918918918919	0.052364864864864864	0.060810810810810814	0.011824324324324325	0.03547297297297297
sp|O00193|SMAP_HUMAN	0.060109289617486336	0.00546448087431694	0.1366120218579235	0.13114754098360656	0.02185792349726776	0.08196721311475409	0.04371584699453552	0.01092896174863388	0.08743169398907104	0.04918032786885246	0.0273224043715847	0.0273224043715847	0.03825136612021858	0.0273224043715847	0.04918032786885246	0.13114754098360656	0.01639344262295082	0.03278688524590164	0.00546448087431694	0.01639344262295082
sp|O00203|AP3B1_HUMAN	0.06489945155393052	0.009140767824497258	0.056672760511883	0.08135283363802559	0.0283363802559415	0.04570383912248629	0.015539305301645339	0.062157221206581355	0.0850091407678245	0.09963436928702012	0.02376599634369287	0.04661791590493602	0.044789762340036565	0.04204753199268738	0.038391224862888484	0.10694698354661791	0.05393053016453382	0.06855575868372943	0.005484460694698354	0.02102376599634369
sp|O00221|IKBE_HUMAN	0.11	0.024	0.052	0.06	0.004	0.108	0.03	0.018	0.022	0.138	0.01	0.018	0.088	0.056	0.078	0.076	0.048	0.038	0.01	0.012
sp|O00222|GRM8_HUMAN	0.06828193832599119	0.030837004405286344	0.040748898678414094	0.05616740088105727	0.046255506607929514	0.06387665198237885	0.022026431718061675	0.08590308370044053	0.05616740088105727	0.07819383259911894	0.023127753303964757	0.03634361233480176	0.0473568281938326	0.03634361233480176	0.051762114537444934	0.07599118942731277	0.06277533039647577	0.06607929515418502	0.014317180616740088	0.037444933920704845
sp|O00231|PSD11_HUMAN	0.11137440758293839	0.011848341232227487	0.05924170616113744	0.08293838862559241	0.026066350710900472	0.030805687203791468	0.016587677725118485	0.05924170616113744	0.08293838862559241	0.14454976303317535	0.018957345971563982	0.023696682464454975	0.023696682464454975	0.04976303317535545	0.04976303317535545	0.07345971563981042	0.045023696682464455	0.04976303317535545	0.004739336492890996	0.035545023696682464
sp|O00232|PSD12_HUMAN	0.05701754385964912	0.015350877192982455	0.05263157894736842	0.09649122807017543	0.019736842105263157	0.03070175438596491	0.013157894736842105	0.06798245614035088	0.09429824561403509	0.11842105263157894	0.039473684210526314	0.039473684210526314	0.017543859649122806	0.05043859649122807	0.05701754385964912	0.05921052631578947	0.05921052631578947	0.06578947368421052	0.010964912280701754	0.03508771929824561
sp|O00233|PSMD9_HUMAN	0.07623318385650224	0.013452914798206279	0.04932735426008968	0.08520179372197309	0.013452914798206279	0.07623318385650224	0.03587443946188341	0.053811659192825115	0.05829596412556054	0.07174887892376682	0.026905829596412557	0.04484304932735426	0.04035874439461883	0.08071748878923767	0.06726457399103139	0.08071748878923767	0.02242152466367713	0.08520179372197309	0.004484304932735426	0.013452914798206279
sp|O00244|ATOX1_HUMAN	0.04411764705882353	0.04411764705882353	0.058823529411764705	0.07352941176470588	0.014705882352941176	0.08823529411764706	0.029411764705882353	0.029411764705882353	0.11764705882352941	0.11764705882352941	0.04411764705882353	0.029411764705882353	0.029411764705882353	0.0	0.014705882352941176	0.07352941176470588	0.07352941176470588	0.08823529411764706	0.0	0.029411764705882353
sp|O00255|MEN1_HUMAN	0.08943089430894309	0.011382113821138212	0.04390243902439024	0.07967479674796749	0.03414634146341464	0.08130081300813008	0.01951219512195122	0.030894308943089432	0.05040650406504065	0.1073170731707317	0.014634146341463415	0.022764227642276424	0.07317073170731707	0.04715447154471545	0.06341463414634146	0.06504065040650407	0.04715447154471545	0.06991869918699187	0.016260162601626018	0.032520325203252036
sp|O00257|CBX4_HUMAN	0.1	0.010714285714285714	0.0375	0.07678571428571429	0.01607142857142857	0.07857142857142857	0.05357142857142857	0.026785714285714284	0.09464285714285714	0.06428571428571428	0.01607142857142857	0.030357142857142857	0.10892857142857143	0.04107142857142857	0.05357142857142857	0.05892857142857143	0.044642857142857144	0.05357142857142857	0.008928571428571428	0.025
sp|O00264|PGRC1_HUMAN	0.07692307692307693	0.010256410256410256	0.11282051282051282	0.08717948717948718	0.05128205128205128	0.08205128205128205	0.015384615384615385	0.02564102564102564	0.06153846153846154	0.11794871794871795	0.010256410256410256	0.015384615384615385	0.06666666666666667	0.02564102564102564	0.05641025641025641	0.05641025641025641	0.046153846153846156	0.046153846153846156	0.005128205128205128	0.03076923076923077
sp|O00267|SPT5H_HUMAN	0.045998160073597055	0.006439742410303588	0.06899724011039558	0.09383624655013799	0.028518859245630176	0.08923643054277829	0.021159153633854646	0.04415823367065318	0.05703771849126035	0.061637534498620056	0.02391904323827047	0.03219871205151794	0.06991720331186753	0.04875804967801288	0.05611775528978841	0.07911683532658693	0.05519779208831647	0.07267709291628335	0.00827966881324747	0.03679852805887764
sp|O00268|TAF4_HUMAN	0.16497695852534563	0.004608294930875576	0.022119815668202765	0.03778801843317972	0.014746543778801843	0.08387096774193549	0.012903225806451613	0.025806451612903226	0.03963133640552995	0.08110599078341015	0.012903225806451613	0.02488479262672811	0.1447004608294931	0.07834101382488479	0.047004608294930875	0.0663594470046083	0.07096774193548387	0.06175115207373272	0.0	0.005529953917050691
sp|O00273|DFFA_HUMAN	0.09365558912386707	0.021148036253776436	0.07854984894259819	0.09063444108761329	0.012084592145015106	0.03927492447129909	0.012084592145015106	0.03323262839879154	0.05740181268882175	0.13897280966767372	0.006042296072507553	0.02416918429003021	0.03323262839879154	0.07250755287009064	0.0513595166163142	0.09969788519637462	0.054380664652567974	0.05740181268882175	0.012084592145015106	0.012084592145015106
sp|O00294|TULP1_HUMAN	0.09040590405904059	0.007380073800738007	0.055350553505535055	0.10516605166051661	0.02952029520295203	0.07011070110701106	0.007380073800738007	0.023985239852398525	0.09778597785977859	0.07380073800738007	0.012915129151291513	0.033210332103321034	0.0940959409594096	0.02952029520295203	0.09778597785977859	0.06088560885608856	0.042435424354243544	0.04428044280442804	0.005535055350553505	0.01845018450184502
sp|O00299|CLIC1_HUMAN	0.08298755186721991	0.024896265560165973	0.04979253112033195	0.0954356846473029	0.04979253112033195	0.05394190871369295	0.012448132780082987	0.029045643153526972	0.07468879668049792	0.12448132780082988	0.008298755186721992	0.05394190871369295	0.058091286307053944	0.03319502074688797	0.03734439834024896	0.04149377593360996	0.06224066390041494	0.07053941908713693	0.004149377593360996	0.03319502074688797
sp|O00303|EIF3F_HUMAN	0.13445378151260504	0.0056022408963585435	0.04481792717086835	0.04481792717086835	0.0196078431372549	0.056022408963585436	0.022408963585434174	0.04201680672268908	0.028011204481792718	0.08403361344537816	0.03081232492997199	0.04481792717086835	0.10084033613445378	0.03081232492997199	0.03361344537815126	0.07563025210084033	0.0700280112044818	0.09803921568627451	0.0028011204481792717	0.03081232492997199
sp|O00305|CACB4_HUMAN	0.06346153846153846	0.007692307692307693	0.05384615384615385	0.06153846153846154	0.023076923076923078	0.05	0.03461538461538462	0.05	0.05384615384615385	0.07884615384615384	0.01730769230769231	0.03653846153846154	0.05576923076923077	0.046153846153846156	0.08461538461538462	0.13076923076923078	0.06153846153846154	0.05576923076923077	0.0057692307692307696	0.028846153846153848
sp|O00311|CDC7_HUMAN	0.07491289198606271	0.024390243902439025	0.050522648083623695	0.059233449477351915	0.04006968641114982	0.05400696864111498	0.02613240418118467	0.05400696864111498	0.08710801393728224	0.09233449477351917	0.02264808362369338	0.03832752613240418	0.047038327526132406	0.05749128919860627	0.04529616724738676	0.09059233449477352	0.05226480836236934	0.05574912891986063	0.003484320557491289	0.024390243902439025
sp|O00327|BMAL1_HUMAN	0.052715654952076675	0.022364217252396165	0.07348242811501597	0.051118210862619806	0.03354632587859425	0.07827476038338659	0.027156549520766772	0.05750798722044728	0.06070287539936102	0.07987220447284345	0.03035143769968051	0.036741214057507986	0.06869009584664537	0.02875399361022364	0.05591054313099041	0.10702875399361023	0.05910543130990415	0.0463258785942492	0.006389776357827476	0.023961661341853034
sp|O00329|PK3CD_HUMAN	0.06513409961685823	0.028735632183908046	0.044061302681992334	0.07758620689655173	0.045019157088122604	0.04693486590038314	0.029693486590038315	0.035440613026819924	0.06417624521072797	0.1360153256704981	0.02681992337164751	0.03639846743295019	0.05172413793103448	0.04980842911877394	0.05363984674329502	0.06417624521072797	0.040229885057471264	0.05938697318007663	0.017241379310344827	0.027777777777777776
sp|O00330|ODPX_HUMAN	0.08982035928143713	0.007984031936127744	0.05788423153692615	0.059880239520958084	0.02594810379241517	0.07385229540918163	0.00998003992015968	0.06986027944111776	0.07385229540918163	0.08982035928143713	0.011976047904191617	0.02594810379241517	0.08582834331337326	0.031936127744510975	0.05389221556886228	0.07385229540918163	0.05788423153692615	0.07584830339321358	0.015968063872255488	0.007984031936127744
sp|O00370|LORF2_HUMAN	0.04627450980392157	0.014901960784313726	0.04862745098039216	0.05647058823529412	0.03686274509803922	0.03607843137254902	0.021176470588235293	0.10431372549019607	0.1192156862745098	0.09254901960784313	0.021176470588235293	0.0596078431372549	0.04	0.043137254901960784	0.04862745098039216	0.05411764705882353	0.07137254901960784	0.02823529411764706	0.023529411764705882	0.03372549019607843
sp|O00410|IPO5_HUMAN	0.08842297174111212	0.023701002734731084	0.06198723792160438	0.08113035551504102	0.03828623518687329	0.04375569735642662	0.02643573381950775	0.054694621695533276	0.053783044667274384	0.11759343664539654	0.03828623518687329	0.04375569735642662	0.041932543299908843	0.06381039197812215	0.03190519598906107	0.05104831358249772	0.03555150410209663	0.0674567000911577	0.011850501367365542	0.024612579762989972
sp|O00411|RPOM_HUMAN	0.08373983739837398	0.025203252032520326	0.038211382113821135	0.06341463414634146	0.03008130081300813	0.056910569105691054	0.03333333333333333	0.014634146341463415	0.05121951219512195	0.13008130081300814	0.024390243902439025	0.015447154471544716	0.06829268292682927	0.07398373983739838	0.07642276422764227	0.05853658536585366	0.04065040650406504	0.07886178861788617	0.015447154471544716	0.02113821138211382
sp|O00418|EF2K_HUMAN	0.07172413793103448	0.013793103448275862	0.07862068965517241	0.0896551724137931	0.034482758620689655	0.07448275862068965	0.041379310344827586	0.031724137931034485	0.05241379310344828	0.08827586206896551	0.030344827586206897	0.04275862068965517	0.044137931034482755	0.04	0.05931034482758621	0.08137931034482758	0.03310344827586207	0.04	0.015172413793103448	0.037241379310344824
sp|O00422|SAP18_HUMAN	0.0392156862745098	0.006535947712418301	0.05228758169934641	0.0784313725490196	0.0392156862745098	0.058823529411764705	0.0196078431372549	0.05228758169934641	0.0784313725490196	0.058823529411764705	0.0392156862745098	0.032679738562091505	0.0784313725490196	0.032679738562091505	0.08496732026143791	0.06535947712418301	0.08496732026143791	0.058823529411764705	0.006535947712418301	0.032679738562091505
sp|O00425|IF2B3_HUMAN	0.07772020725388601	0.010362694300518135	0.03281519861830743	0.07772020725388601	0.027633851468048358	0.06735751295336788	0.02072538860103627	0.07944732297063903	0.08117443868739206	0.07772020725388601	0.013816925734024179	0.04145077720207254	0.07081174438687392	0.07253886010362694	0.044905008635578586	0.06563039723661486	0.05181347150259067	0.06563039723661486	0.0034542314335060447	0.017271157167530225
sp|O00429|DNM1L_HUMAN	0.06929347826086957	0.012228260869565218	0.05298913043478261	0.07880434782608696	0.020380434782608696	0.05434782608695652	0.020380434782608696	0.07065217391304347	0.06114130434782609	0.11413043478260869	0.020380434782608696	0.04891304347826087	0.050271739130434784	0.04076086956521739	0.06385869565217392	0.06385869565217392	0.058423913043478264	0.07744565217391304	0.004076086956521739	0.017663043478260868
sp|O00442|RTCA_HUMAN	0.08743169398907104	0.02459016393442623	0.040983606557377046	0.06284153005464481	0.03551912568306011	0.10655737704918032	0.01639344262295082	0.08469945355191257	0.06284153005464481	0.08196721311475409	0.03278688524590164	0.03278688524590164	0.04644808743169399	0.040983606557377046	0.04644808743169399	0.04371584699453552	0.060109289617486336	0.07377049180327869	0.0	0.01912568306010929
sp|O00443|P3C2A_HUMAN	0.05693950177935943	0.0166073546856465	0.0527876631079478	0.059905100830367736	0.046263345195729534	0.04448398576512456	0.022538552787663108	0.051601423487544484	0.07236061684460261	0.11684460260972716	0.01720047449584816	0.04389086595492289	0.05219454329774614	0.0498220640569395	0.045077105575326216	0.08778173190984578	0.05931198102016608	0.06168446026097272	0.011269276393831554	0.03143534994068802
sp|O00444|PLK4_HUMAN	0.050515463917525774	0.013402061855670102	0.04639175257731959	0.058762886597938144	0.03814432989690722	0.05567010309278351	0.0288659793814433	0.05360824742268041	0.06804123711340206	0.07835051546391752	0.026804123711340205	0.0577319587628866	0.05463917525773196	0.041237113402061855	0.049484536082474224	0.11443298969072165	0.06804123711340206	0.04845360824742268	0.009278350515463918	0.03814432989690722
sp|O00461|GOLI4_HUMAN	0.07614942528735633	0.0014367816091954023	0.05603448275862069	0.1867816091954023	0.01293103448275862	0.035919540229885055	0.04741379310344827	0.011494252873563218	0.05890804597701149	0.07902298850574713	0.014367816091954023	0.04741379310344827	0.03735632183908046	0.1307471264367816	0.06465517241379311	0.033045977011494254	0.027298850574712645	0.04885057471264368	0.0028735632183908046	0.027298850574712645
sp|O00471|EXOC5_HUMAN	0.05790960451977401	0.025423728813559324	0.05508474576271186	0.08615819209039548	0.05084745762711865	0.04096045197740113	0.029661016949152543	0.0635593220338983	0.07768361581920905	0.10875706214689265	0.022598870056497175	0.043785310734463276	0.02401129943502825	0.0692090395480226	0.052259887005649715	0.05790960451977401	0.03954802259887006	0.059322033898305086	0.0014124293785310734	0.03389830508474576
sp|O00472|ELL2_HUMAN	0.05625	0.0125	0.05	0.0734375	0.0203125	0.0453125	0.028125	0.0515625	0.084375	0.084375	0.0140625	0.05625	0.06875	0.059375	0.0609375	0.103125	0.0484375	0.0421875	0.003125	0.0375
sp|O00479|HMGN4_HUMAN	0.15555555555555556	0.0	0.07777777777777778	0.044444444444444446	0.0	0.1	0.0	0.0	0.23333333333333334	0.03333333333333333	0.011111111111111112	0.03333333333333333	0.1111111111111111	0.03333333333333333	0.07777777777777778	0.05555555555555555	0.022222222222222223	0.011111111111111112	0.0	0.0
sp|O00482|NR5A2_HUMAN	0.06099815157116451	0.025878003696857672	0.04436229205175601	0.06099815157116451	0.033271719038817	0.05730129390018484	0.027726432532347505	0.04621072088724584	0.06099815157116451	0.11090573012939002	0.04066543438077634	0.04066543438077634	0.051756007393715345	0.07393715341959335	0.04990757855822551	0.08133086876155268	0.036968576709796676	0.04805914972273567	0.0036968576709796672	0.04436229205175601
sp|O00483|NDUA4_HUMAN	0.04938271604938271	0.012345679012345678	0.06172839506172839	0.024691358024691357	0.06172839506172839	0.06172839506172839	0.012345679012345678	0.04938271604938271	0.08641975308641975	0.12345679012345678	0.012345679012345678	0.07407407407407407	0.08641975308641975	0.037037037037037035	0.04938271604938271	0.037037037037037035	0.037037037037037035	0.04938271604938271	0.024691358024691357	0.04938271604938271
sp|O00487|PSDE_HUMAN	0.06129032258064516	0.00967741935483871	0.05161290322580645	0.06774193548387097	0.02258064516129032	0.07419354838709677	0.03870967741935484	0.03870967741935484	0.06451612903225806	0.1064516129032258	0.05806451612903226	0.04516129032258064	0.04516129032258064	0.04838709677419355	0.035483870967741936	0.05161290322580645	0.041935483870967745	0.1032258064516129	0.00967741935483871	0.025806451612903226
sp|O00499|BIN1_HUMAN	0.09443507588532883	0.006745362563237774	0.048903878583473864	0.09443507588532883	0.03372681281618887	0.0657672849915683	0.01854974704890388	0.02023608768971332	0.07419898819561552	0.08431703204047218	0.01517706576728499	0.04047217537942664	0.09106239460370995	0.06745362563237774	0.025295109612141653	0.06913996627318718	0.05733558178752108	0.06408094435075885	0.01517706576728499	0.013490725126475547
sp|O00506|STK25_HUMAN	0.0539906103286385	0.009389671361502348	0.0539906103286385	0.09389671361502347	0.04225352112676056	0.06807511737089202	0.03755868544600939	0.06572769953051644	0.08215962441314555	0.09859154929577464	0.011737089201877934	0.023474178403755867	0.05868544600938967	0.035211267605633804	0.051643192488262914	0.07746478873239436	0.056338028169014086	0.04460093896713615	0.011737089201877934	0.023474178403755867
sp|O00507|USP9Y_HUMAN	0.06223091976516634	0.023874755381604697	0.061448140900195694	0.06888454011741683	0.040704500978473585	0.05009784735812133	0.029354207436399216	0.06027397260273973	0.05401174168297456	0.11467710371819961	0.021917808219178082	0.054403131115459885	0.04853228962818004	0.05283757338551859	0.04814090019569472	0.06731898238747554	0.03796477495107632	0.0547945205479452	0.014481409001956947	0.03405088062622309
sp|O00512|BCL9_HUMAN	0.0546984572230014	0.002805049088359046	0.03225806451612903	0.03716690042075736	0.023842917251051893	0.11640953716690042	0.02314165497896213	0.030154277699859747	0.034361851332398316	0.0546984572230014	0.06311360448807854	0.04908835904628331	0.17461430575035064	0.06872370266479663	0.04067321178120617	0.105890603085554	0.03997194950911641	0.03997194950911641	0.002805049088359046	0.005610098176718092
sp|O00541|PESC_HUMAN	0.08163265306122448	0.011904761904761904	0.04931972789115646	0.12074829931972789	0.04421768707482993	0.05272108843537415	0.022108843537414966	0.04251700680272109	0.09523809523809523	0.09523809523809523	0.02040816326530612	0.02891156462585034	0.04251700680272109	0.03571428571428571	0.07312925170068027	0.04251700680272109	0.04251700680272109	0.05272108843537415	0.006802721088435374	0.0391156462585034
sp|O00560|SDCB1_HUMAN	0.07718120805369127	0.010067114093959731	0.050335570469798654	0.050335570469798654	0.030201342281879196	0.0738255033557047	0.02348993288590604	0.1040268456375839	0.05704697986577181	0.08053691275167785	0.030201342281879196	0.053691275167785234	0.050335570469798654	0.04697986577181208	0.0436241610738255	0.08053691275167785	0.04697986577181208	0.07046979865771812	0.003355704697986577	0.016778523489932886
sp|O00566|MPP10_HUMAN	0.0513950073421439	0.002936857562408223	0.09691629955947137	0.14977973568281938	0.033773861967694566	0.02936857562408223	0.013215859030837005	0.049926578560939794	0.13069016152716592	0.08663729809104258	0.016152716593245228	0.0381791483113069	0.032305433186490456	0.0513950073421439	0.039647577092511016	0.07195301027900147	0.039647577092511016	0.04552129221732746	0.005873715124816446	0.014684287812041116
sp|O00567|NOP56_HUMAN	0.08417508417508418	0.011784511784511785	0.03198653198653199	0.10101010101010101	0.03367003367003367	0.05555555555555555	0.02356902356902357	0.050505050505050504	0.10942760942760943	0.1026936026936027	0.020202020202020204	0.037037037037037035	0.03535353535353535	0.03198653198653199	0.05218855218855219	0.1026936026936027	0.03367003367003367	0.06060606060606061	0.0016835016835016834	0.020202020202020204
sp|O00571|DDX3X_HUMAN	0.055891238670694864	0.010574018126888218	0.07250755287009064	0.061933534743202415	0.04682779456193353	0.1148036253776435	0.021148036253776436	0.04682779456193353	0.04833836858006042	0.07099697885196375	0.021148036253776436	0.03625377643504532	0.03625377643504532	0.030211480362537766	0.08308157099697885	0.11329305135951662	0.03625377643504532	0.04682779456193353	0.010574018126888218	0.03625377643504532
sp|O00584|RNT2_HUMAN	0.05859375	0.04296875	0.05859375	0.07421875	0.0234375	0.05859375	0.02734375	0.04296875	0.07421875	0.11328125	0.01171875	0.0390625	0.078125	0.05859375	0.0546875	0.04296875	0.02734375	0.046875	0.03515625	0.03125
sp|O00623|PEX12_HUMAN	0.07799442896935933	0.013927576601671309	0.033426183844011144	0.04456824512534819	0.04735376044568245	0.04178272980501393	0.03899721448467967	0.03064066852367688	0.055710306406685235	0.12813370473537605	0.022284122562674095	0.022284122562674095	0.06128133704735376	0.055710306406685235	0.04735376044568245	0.08913649025069638	0.04735376044568245	0.07799442896935933	0.022284122562674095	0.04178272980501393
sp|O00625|PIR_HUMAN	0.04827586206896552	0.006896551724137931	0.04827586206896552	0.08275862068965517	0.041379310344827586	0.10344827586206896	0.03793103448275862	0.05172413793103448	0.07241379310344828	0.07586206896551724	0.02413793103448276	0.03103448275862069	0.07241379310344828	0.03793103448275862	0.04827586206896552	0.07586206896551724	0.04482758620689655	0.06206896551724138	0.013793103448275862	0.020689655172413793
sp|O00635|TRI38_HUMAN	0.03655913978494624	0.047311827956989246	0.04086021505376344	0.08817204301075268	0.04516129032258064	0.05591397849462366	0.034408602150537634	0.025806451612903226	0.07096774193548387	0.10752688172043011	0.023655913978494623	0.02795698924731183	0.03870967741935484	0.06881720430107527	0.05161290322580645	0.07526881720430108	0.07096774193548387	0.04946236559139785	0.012903225806451613	0.02795698924731183
sp|O00712|NFIB_HUMAN	0.04047619047619048	0.014285714285714285	0.05238095238095238	0.05	0.03571428571428571	0.04047619047619048	0.0380952380952381	0.04523809523809524	0.06666666666666667	0.0761904761904762	0.02142857142857143	0.02857142857142857	0.12142857142857143	0.047619047619047616	0.05476190476190476	0.11428571428571428	0.05238095238095238	0.05238095238095238	0.011904761904761904	0.03571428571428571
sp|O00716|E2F3_HUMAN	0.09462365591397849	0.015053763440860216	0.04946236559139785	0.06666666666666667	0.010752688172043012	0.08817204301075268	0.015053763440860216	0.03870967741935484	0.06236559139784946	0.13118279569892474	0.015053763440860216	0.03225806451612903	0.07096774193548387	0.05591397849462366	0.030107526881720432	0.0989247311827957	0.05806451612903226	0.04086021505376344	0.002150537634408602	0.023655913978494623
sp|O00743|PPP6_HUMAN	0.05245901639344262	0.03934426229508197	0.07540983606557378	0.05573770491803279	0.04918032786885246	0.05573770491803279	0.022950819672131147	0.05573770491803279	0.04918032786885246	0.09836065573770492	0.01639344262295082	0.04262295081967213	0.05245901639344262	0.03278688524590164	0.05573770491803279	0.03278688524590164	0.06557377049180328	0.07540983606557378	0.019672131147540985	0.05245901639344262
sp|O00746|NDKM_HUMAN	0.0855614973262032	0.0053475935828877	0.0374331550802139	0.0481283422459893	0.03208556149732621	0.10695187165775401	0.0374331550802139	0.0427807486631016	0.016042780748663103	0.0748663101604278	0.03208556149732621	0.0106951871657754	0.058823529411764705	0.0427807486631016	0.10695187165775401	0.0962566844919786	0.026737967914438502	0.09090909090909091	0.026737967914438502	0.0213903743315508
sp|O00748|EST2_HUMAN	0.08050089445438283	0.01073345259391771	0.04114490161001789	0.06082289803220036	0.05366726296958855	0.08228980322003578	0.03220035778175313	0.04114490161001789	0.03398926654740608	0.11091234347048301	0.03398926654740608	0.03577817531305903	0.06797853309481217	0.059033989266547404	0.04293381037567084	0.06797853309481217	0.03577817531305903	0.07155635062611806	0.016100178890876567	0.02146690518783542
sp|O00754|MA2B1_HUMAN	0.0830860534124629	0.011869436201780416	0.051434223541048464	0.04451038575667656	0.043521266073194856	0.06923837784371908	0.026706231454005934	0.027695351137487636	0.02373887240356083	0.10781404549950543	0.020771513353115726	0.04747774480712166	0.06726013847675569	0.05637982195845697	0.06923837784371908	0.05934718100890208	0.05637982195845697	0.07319485657764589	0.026706231454005934	0.033630069238377844
sp|O00762|UBE2C_HUMAN	0.09497206703910614	0.0111731843575419	0.0446927374301676	0.055865921787709494	0.027932960893854747	0.07262569832402235	0.01675977653631285	0.03910614525139665	0.0670391061452514	0.1005586592178771	0.0223463687150838	0.0446927374301676	0.07262569832402235	0.0446927374301676	0.0335195530726257	0.0782122905027933	0.0670391061452514	0.0446927374301676	0.01675977653631285	0.0446927374301676
sp|O00763|ACACB_HUMAN	0.0691619202603743	0.014239218877135883	0.050854353132628156	0.07200976403580146	0.04149715215622457	0.06468673718470301	0.02725793327908869	0.06265256305939788	0.04922701383238405	0.09641985353946297	0.02888527257933279	0.037021969080553295	0.053295362082994305	0.043124491456468676	0.05899104963384866	0.06712774613506917	0.04922701383238405	0.07119609438567942	0.011798209926769731	0.03132628152969894
sp|O00764|PDXK_HUMAN	0.057692307692307696	0.01282051282051282	0.057692307692307696	0.0673076923076923	0.022435897435897436	0.060897435897435896	0.028846153846153848	0.04487179487179487	0.04487179487179487	0.10256410256410256	0.038461538461538464	0.041666666666666664	0.04807692307692308	0.057692307692307696	0.057692307692307696	0.060897435897435896	0.041666666666666664	0.11217948717948718	0.009615384615384616	0.03205128205128205
sp|O14497|ARI1A_HUMAN	0.08446389496717724	0.00700218818380744	0.03413566739606127	0.04463894967177243	0.018380743982494528	0.10809628008752735	0.019693654266958426	0.024070021881838075	0.03282275711159737	0.06039387308533917	0.03938730853391685	0.04070021881838074	0.12954048140043764	0.09584245076586433	0.038074398249452954	0.10853391684901531	0.045076586433260395	0.029321663019693654	0.0056892778993435445	0.03413566739606127
sp|O14529|CUX2_HUMAN	0.08546433378196501	0.006056527590847914	0.03835800807537012	0.10026917900403769	0.020188425302826378	0.06729475100942127	0.013458950201884253	0.031628532974428	0.06123822341857335	0.10565275908479138	0.016823687752355317	0.02288021534320323	0.10565275908479138	0.06191117092866756	0.05450874831763122	0.10565275908479138	0.039030955585464336	0.040376850605652756	0.007402422611036339	0.016150740242261104
sp|O14530|TXND9_HUMAN	0.030973451327433628	0.01327433628318584	0.08849557522123894	0.10176991150442478	0.05309734513274336	0.03982300884955752	0.030973451327433628	0.035398230088495575	0.11061946902654868	0.12389380530973451	0.017699115044247787	0.030973451327433628	0.022123893805309734	0.05752212389380531	0.048672566371681415	0.05752212389380531	0.061946902654867256	0.04424778761061947	0.008849557522123894	0.022123893805309734
sp|O14531|DPYL4_HUMAN	0.10139860139860139	0.019230769230769232	0.055944055944055944	0.057692307692307696	0.03496503496503497	0.08741258741258741	0.02972027972027972	0.05944055944055944	0.055944055944055944	0.06468531468531469	0.024475524475524476	0.033216783216783216	0.05419580419580419	0.03146853146853147	0.05244755244755245	0.06468531468531469	0.05419580419580419	0.08741258741258741	0.01048951048951049	0.02097902097902098
sp|O14545|TRAD1_HUMAN	0.061855670103092786	0.0429553264604811	0.04982817869415808	0.1013745704467354	0.02577319587628866	0.061855670103092786	0.029209621993127148	0.041237113402061855	0.037800687285223365	0.07731958762886598	0.015463917525773196	0.05670103092783505	0.07903780068728522	0.06701030927835051	0.06872852233676977	0.08247422680412371	0.0429553264604811	0.03951890034364261	0.005154639175257732	0.013745704467353952
sp|O14548|COX7R_HUMAN	0.09649122807017543	0.008771929824561403	0.03508771929824561	0.02631578947368421	0.043859649122807015	0.07017543859649122	0.0	0.03508771929824561	0.09649122807017543	0.08771929824561403	0.03508771929824561	0.017543859649122806	0.07894736842105263	0.05263157894736842	0.017543859649122806	0.06140350877192982	0.08771929824561403	0.06140350877192982	0.008771929824561403	0.07894736842105263
sp|O14556|G3PT_HUMAN	0.08823529411764706	0.014705882352941176	0.049019607843137254	0.051470588235294115	0.02696078431372549	0.06372549019607843	0.022058823529411766	0.051470588235294115	0.056372549019607844	0.05392156862745098	0.029411764705882353	0.03676470588235294	0.10049019607843138	0.029411764705882353	0.051470588235294115	0.06372549019607843	0.056372549019607844	0.11029411764705882	0.007352941176470588	0.03676470588235294
sp|O14558|HSPB6_HUMAN	0.15	0.00625	0.03125	0.08125	0.0375	0.05625	0.04375	0.01875	0.01875	0.1	0.00625	0.0	0.1375	0.03125	0.06875	0.0625	0.025	0.1	0.00625	0.01875
sp|O14561|ACPM_HUMAN	0.08974358974358974	0.019230769230769232	0.08333333333333333	0.057692307692307696	0.02564102564102564	0.038461538461538464	0.00641025641025641	0.05128205128205128	0.04487179487179487	0.1346153846153846	0.04487179487179487	0.00641025641025641	0.07051282051282051	0.05128205128205128	0.057692307692307696	0.057692307692307696	0.038461538461538464	0.08333333333333333	0.0	0.038461538461538464
sp|O14562|UBFD1_HUMAN	0.11326860841423948	0.006472491909385114	0.05825242718446602	0.08090614886731391	0.012944983818770227	0.08737864077669903	0.016181229773462782	0.03559870550161812	0.09061488673139159	0.06472491909385113	0.03559870550161812	0.025889967637540454	0.0744336569579288	0.04854368932038835	0.02912621359223301	0.04854368932038835	0.05501618122977346	0.0744336569579288	0.016181229773462782	0.025889967637540454
sp|O14578|CTRO_HUMAN	0.07498766650222002	0.017760236803157376	0.04489393191909225	0.10952146028613714	0.02960039467192896	0.04045387271830291	0.026147015293537246	0.038973852984706465	0.07498766650222002	0.1139615194869265	0.0246669955599408	0.03552047360631475	0.04242723236309817	0.06364084854464726	0.06660088801184016	0.07844104588061174	0.04045387271830291	0.04785397138628515	0.006413418845584608	0.022693635915145536
sp|O14579|COPE_HUMAN	0.11363636363636363	0.012987012987012988	0.07792207792207792	0.07142857142857142	0.02922077922077922	0.045454545454545456	0.022727272727272728	0.02922077922077922	0.045454545454545456	0.12987012987012986	0.025974025974025976	0.025974025974025976	0.045454545454545456	0.06168831168831169	0.05844155844155844	0.06493506493506493	0.03896103896103896	0.05519480519480519	0.006493506493506494	0.03896103896103896
sp|O14602|IF1AY_HUMAN	0.04861111111111111	0.013888888888888888	0.13194444444444445	0.09027777777777778	0.027777777777777776	0.09722222222222222	0.013888888888888888	0.0763888888888889	0.1111111111111111	0.0763888888888889	0.013888888888888888	0.0625	0.020833333333333332	0.027777777777777776	0.06944444444444445	0.020833333333333332	0.020833333333333332	0.041666666666666664	0.006944444444444444	0.027777777777777776
sp|O14604|TYB4Y_HUMAN	0.045454545454545456	0.0	0.045454545454545456	0.18181818181818182	0.022727272727272728	0.045454545454545456	0.0	0.045454545454545456	0.18181818181818182	0.045454545454545456	0.045454545454545456	0.022727272727272728	0.045454545454545456	0.06818181818181818	0.022727272727272728	0.11363636363636363	0.06818181818181818	0.0	0.0	0.0
sp|O14607|UTY_HUMAN	0.07052709725315516	0.02746844840386043	0.04083147735708983	0.05270972531551596	0.028953229398663696	0.05716406829992576	0.038604305864884926	0.03711952487008166	0.06087602078693393	0.10022271714922049	0.014847809948032665	0.06384558277654045	0.04974016332590943	0.05642167780252413	0.035634743875278395	0.10096510764662213	0.05864884929472903	0.05716406829992576	0.016332590942835932	0.03192279138827023
sp|O14617|AP3D1_HUMAN	0.06938421509106678	0.01647875108412836	0.05637467476149176	0.08065915004336513	0.023417172593235037	0.03642671292281006	0.027753686036426712	0.055507372072853424	0.10060711188204684	0.10581092801387684	0.026886383347788378	0.032090199479618386	0.05290546400693842	0.049436253252385085	0.04856895056374675	0.08586296617519515	0.03816131830008673	0.06418039895923677	0.004336513443191674	0.02515177797051171
sp|O14628|ZN195_HUMAN	0.02702702702702703	0.06359300476947535	0.033386327503974564	0.08744038155802862	0.05405405405405406	0.06518282988871224	0.05405405405405406	0.04292527821939587	0.10333863275039745	0.07154213036565978	0.011128775834658187	0.04769475357710652	0.034976152623211444	0.04769475357710652	0.03656597774244833	0.07790143084260731	0.06677265500794913	0.03179650238473768	0.011128775834658187	0.03179650238473768
sp|O14646|CHD1_HUMAN	0.04093567251461988	0.011695906432748537	0.07543859649122807	0.09239766081871345	0.02631578947368421	0.056140350877192984	0.03625730994152047	0.047953216374269005	0.09415204678362574	0.08070175438596491	0.0152046783625731	0.03859649122807018	0.03742690058479532	0.049707602339181284	0.06725146198830409	0.11812865497076024	0.03625730994152047	0.02982456140350877	0.0152046783625731	0.0304093567251462
sp|O14654|IRS4_HUMAN	0.11455847255369929	0.014319809069212411	0.05250596658711217	0.060461416070007955	0.035003977724741446	0.10819411296738266	0.018297533810660304	0.020684168655529037	0.03818615751789976	0.061256961018297536	0.01909307875894988	0.03420843277645187	0.09148766905330151	0.03579952267303103	0.08353221957040573	0.10739856801909307	0.028639618138424822	0.045346062052505964	0.008750994431185362	0.022275258552108195
sp|O14686|KMT2D_HUMAN	0.06989344410330504	0.020769369694780566	0.03630124616218169	0.07621455661910782	0.0218529889832039	0.08542532057070616	0.022214195412678345	0.019143940762145567	0.04009391367166336	0.10565288062127506	0.01787971825898501	0.018963337547408345	0.1457467942929384	0.08199385949069893	0.04569261332851725	0.09373306844861838	0.04063572331587502	0.039190897597977246	0.006140509301065559	0.01246162181686834
sp|O14715|RGPD8_HUMAN	0.06515580736543909	0.013031161473087818	0.054390934844192634	0.08895184135977337	0.038526912181303115	0.053257790368271954	0.020396600566572238	0.037393767705382434	0.08271954674220963	0.10538243626062323	0.014164305949008499	0.04362606232294618	0.04305949008498584	0.042492917847025496	0.04929178470254957	0.09518413597733712	0.05042492917847025	0.06005665722379604	0.013597733711048159	0.028895184135977338
sp|O14727|APAF_HUMAN	0.052083333333333336	0.032852564102564104	0.06891025641025642	0.0625	0.04006410256410257	0.05128205128205128	0.038461538461538464	0.052884615384615384	0.07131410256410256	0.11137820512820513	0.020833333333333332	0.041666666666666664	0.02403846153846154	0.046474358974358976	0.03766025641025641	0.08173076923076923	0.05048076923076923	0.06971153846153846	0.020833333333333332	0.024839743589743588
sp|O14733|MP2K7_HUMAN	0.050119331742243436	0.01909307875894988	0.057279236276849645	0.06443914081145585	0.03579952267303103	0.06443914081145585	0.02386634844868735	0.05489260143198091	0.081145584725537	0.09785202863961814	0.03579952267303103	0.026252983293556086	0.06921241050119331	0.045346062052505964	0.07159904534606205	0.06921241050119331	0.05250596658711217	0.050119331742243436	0.007159904534606206	0.02386634844868735
sp|O14734|ACOT8_HUMAN	0.07210031347962383	0.025078369905956112	0.050156739811912224	0.050156739811912224	0.03761755485893417	0.06896551724137931	0.0438871473354232	0.03134796238244514	0.03761755485893417	0.09090909090909091	0.03134796238244514	0.012539184952978056	0.08150470219435736	0.07210031347962383	0.06269592476489028	0.06896551724137931	0.025078369905956112	0.0877742946708464	0.0219435736677116	0.02821316614420063
sp|O14737|PDCD5_HUMAN	0.112	0.0	0.072	0.112	0.008	0.032	0.016	0.032	0.088	0.104	0.032	0.032	0.016	0.088	0.08	0.056	0.04	0.056	0.0	0.024
